gebco_2020_n72.59971618652344_s72.22480773925781_w-81.42654418945312_e-80.47622680664062.asc
ncols        228
nrows        90
xllcorner    -81.425000000000
yllcorner    72.225000000000
cellsize     0.004166666667
NODATA_value -32767
[rows 42 to 83 of 90, columns 94 to 187 of 228]
355 337 322 310 293 265 219 159 92 -2 -64 -122 -178 -211 -231 -236 -234 -236 -242 -248 -250 -248 -243 -237 -229 -218 -204 -187 -169 -151 -129 -109 -85 -63 -40 -8 12 44 78 126 201 268 320 356 378 384 375 368 362 344 322 322 328 332 338 345 336 313 282 259 249 245 240 235 233 231 231 232 241 258 282 298 308 313 318 325 325 321 318 311 300 294 294 297 301 305 308 313 322 333 356 388 411 431
328 333 332 314 280 217 142 93 -6 -89 -159 -211 -238 -250 -252 -251 -251 -252 -254 -255 -253 -248 -242 -232 -220 -205 -189 -172 -153 -134 -113 -91 -69 -42 -8 41 64 88 109 149 222 285 321 350 365 357 336 322 303 279 266 269 274 280 283 284 279 271 259 254 253 250 247 247 250 253 259 266 284 310 333 352 356 354 348 343 337 334 332 321 310 304 303 304 308 312 312 309 311 318 332 351 367 386
350 354 343 293 212 136 63 11 -92 -165 -207 -239 -250 -253 -255 -256 -257 -257 -257 -256 -254 -251 -247 -236 -216 -196 -173 -153 -132 -108 -87 -61 -37 -18 47 86 121 144 160 211 268 310 329 336 326 305 286 275 266 259 261 270 283 293 298 302 306 305 301 297 293 288 284 281 284 290 299 312 330 350 363 368 363 356 348 344 342 340 335 325 319 316 317 321 330 335 332 328 328 329 330 332 336 344
288 245 188 120 48 0 -48 -114 -172 -212 -228 -242 -249 -252 -253 -253 -252 -251 -250 -249 -248 -246 -238 -220 -193 -168 -145 -119 -96 -71 -48 -24 -4 20 73 110 149 170 191 234 270 296 308 307 300 295 299 300 294 292 299 312 333 350 373 401 416 418 412 403 393 381 359 343 336 331 329 337 349 359 365 364 360 357 356 358 357 352 344 336 332 330 329 335 346 355 358 357 355 354 350 346 339 333
126 59 1 -36 -68 -112 -153 -196 -226 -240 -246 -248 -249 -248 -245 -241 -236 -231 -225 -220 -214 -205 -188 -166 -143 -117 -95 -70 -48 -28 -6 12 28 61 97 149 182 203 229 252 268 276 280 287 301 327 353 368 373 374 378 390 408 434 466 498 503 498 495 491 481 459 426 400 381 355 338 338 347 358 368 371 371 370 372 374 371 366 360 356 354 350 349 359 369 379 384 385 388 388 384 375 363 349
16 -55 -97 -126 -154 -185 -208 -227 -246 -252 -252 -251 -248 -243 -235 -224 -211 -198 -183 -170 -154 -136 -119 -98 -79 -59 -39 -22 -6 21 46 78 101 131 163 199 231 261 294 307 305 298 293 303 324 355 397 430 449 452 455 461 475 490 499 495 478 471 468 465 457 440 422 401 377 352 342 346 356 365 369 373 375 376 378 377 376 377 376 374 374 377 383 392 400 406 414 421 428 427 417 402 388 373
-45 -98 -136 -171 -202 -217 -223 -234 -244 -250 -250 -249 -247 -239 -221 -202 -179 -159 -138 -115 -95 -73 -55 -39 -25 -14 0 9 29 74 123 175 196 219 253 275 297 328 356 367 363 351 340 337 348 372 417 455 469 474 475 478 482 477 461 440 418 407 400 393 387 382 374 365 353 351 364 373 375 373 372 377 383 385 387 389 393 399 405 410 410 412 419 424 427 432 441 451 456 452 440 425 409 397
-68 -112 -170 -203 -215 -217 -222 -233 -241 -244 -243 -240 -232 -216 -192 -168 -143 -115 -90 -63 -40 -23 -2 13 23 31 40 54 82 129 194 249 298 333 359 366 372 386 397 405 405 397 377 365 365 384 414 438 446 444 442 446 448 441 425 401 384 371 364 358 354 353 356 358 362 378 394 394 396 412 428 438 441 437 427 424 437 456 470 469 455 452 455 454 451 450 454 464 474 481 476 463 446 433
-131 -173 -205 -220 -222 -225 -229 -232 -232 -229 -221 -210 -194 -173 -151 -124 -99 -72 -44 -20 -5 8 46 73 92 107 123 170 218 234 275 341 399 433 439 431 426 423 422 423 421 406 382 369 368 378 391 401 403 400 399 404 407 403 390 374 365 359 356 353 352 358 367 374 388 416 432 442 477 515 540 548 546 521 486 478 495 509 516 508 494 486 480 472 462 457 469 489 510 519 512 499 484 468
-184 -201 -217 -230 -232 -233 -231 -226 -217 -206 -192 -173 -154 -130 -107 -83 -55 -33 -10 2 9 42 91 134 172 206 282 375 412 392 401 435 472 494 486 473 461 448 435 425 413 390 373 366 364 366 369 371 372 372 371 371 372 369 363 359 358 360 363 363 367 377 387 402 425 456 495 528 562 587 603 610 603 572 540 524 524 532 538 536 528 514 495 476 467 471 491 509 523 522 515 513 508 499
-184 -200 -216 -226 -229 -229 -225 -215 -201 -182 -164 -142 -120 -97 -69 -43 -18 0 8 31 55 95 138 185 258 333 429 495 501 489 486 492 505 504 493 486 476 462 447 428 407 385 374 370 365 363 362 362 362 362 363 362 361 360 361 362 366 371 377 385 394 408 426 442 460 484 519 548 571 591 601 602 592 575 557 546 546 555 566 571 564 541 511 499 497 496 497 499 500 497 501 508 506 502
-178 -190 -202 -208 -209 -208 -202 -186 -168 -149 -129 -110 -88 -67 -39 -12 4 19 46 99 134 167 219 277 350 415 458 482 489 500 509 507 498 487 480 478 475 466 454 433 407 388 378 372 367 366 367 368 371 377 380 378 373 370 372 378 382 388 395 405 417 431 448 459 470 485 504 533 553 567 574 574 565 560 565 571 577 590 604 610 599 568 544 546 543 527 512 496 489 486 485 483 479 479
-163 -168 -172 -172 -170 -165 -156 -143 -125 -108 -90 -70 -49 -28 -10 7 24 52 111 161 202 247 300 351 388 417 434 446 463 482 498 502 500 493 487 477 462 446 430 413 393 383 376 370 371 379 388 397 408 418 421 416 403 394 393 399 406 411 416 422 429 435 443 454 468 485 500 516 535 547 555 556 555 566 579 588 594 603 617 628 614 587 575 571 565 557 550 539 522 510 500 492 482 470
-138 -135 -131 -127 -122 -118 -112 -105 -91 -70 -47 -18 1 13 22 35 65 105 159 202 242 296 336 366 388 406 423 435 446 457 470 482 488 489 484 470 449 432 414 401 389 379 373 373 385 405 431 450 463 469 469 459 444 429 422 425 432 436 442 447 448 448 447 453 468 479 487 496 509 517 522 528 536 550 562 571 575 579 589 595 588 577 572 571 574 579 581 569 552 542 533 522 506 483
-106 -95 -85 -77 -68 -63 -58 -51 -40 -16 9 30 52 64 78 97 130 179 217 250 282 318 348 370 393 414 435 449 453 456 459 464 466 464 458 450 441 431 423 414 407 399 392 392 404 431 469 491 502 505 501 488 473 459 449 447 456 466 471 475 475 468 458 456 461 465 470 476 480 483 488 494 502 511 523 532 536 536 537 541 547 550 554 561 567 569 568 562 556 546 533 518 505 491
-61 -47 -33 -23 -9 3 10 15 21 40 67 94 127 151 171 193 231 280 300 309 320 333 353 371 390 416 441 466 479 483 480 474 460 446 438 434 432 433 437 444 451 451 446 440 439 454 472 488 496 496 490 482 476 471 467 474 490 500 502 504 501 489 475 468 464 465 467 470 471 472 475 478 483 487 493 498 501 501 504 512 518 521 529 540 546 550 552 552 549 536 513 488 459 440
-6 4 11 30 51 69 81 82 92 117 150 182 216 251 269 292 325 348 357 357 354 352 355 366 381 404 431 461 485 495 491 477 456 438 433 432 436 447 463 478 492 499 501 497 488 477 472 467 461 457 457 462 469 475 481 496 508 513 517 520 516 507 496 486 481 478 477 476 476 476 477 480 485 491 493 494 494 495 498 500 502 504 510 515 519 520 524 534 540 530 476 390 312 248
57 66 75 91 111 134 155 170 189 217 247 281 306 326 339 353 370 380 384 382 376 369 369 377 385 398 424 449 471 478 472 461 451 441 435 436 443 454 468 481 492 503 510 513 506 496 481 467 452 448 450 456 460 461 467 476 481 485 492 498 498 493 487 484 484 486 489 493 495 493 491 492 497 505 507 506 505 503 500 498 497 494 489 475 455 425 415 427 416 373 272 142 65 5
115 126 136 144 158 177 204 235 262 295 324 348 368 378 387 394 401 405 404 398 391 387 391 397 405 416 432 449 461 462 458 455 450 443 439 438 439 443 449 458 465 474 481 486 486 482 476 469 464 462 462 461 457 452 453 454 456 457 459 452 444 441 444 450 460 471 485 499 505 504 502 499 501 502 502 504 505 503 501 498 494 484 450 396 315 251 210 175 123 67 -5 -58 -84 -100
125 140 157 174 190 208 229 259 291 317 342 360 381 399 410 417 420 420 418 414 408 406 409 417 426 439 449 457 460 459 457 455 450 446 445 443 438 432 429 428 429 433 437 439 440 440 441 444 445 445 447 448 447 447 448 453 455 450 439 419 398 383 381 391 404 422 444 465 477 487 495 496 493 492 492 492 493 494 493 488 471 432 344 254 163 98 38 -20 -54 -80 -109 -126 -140 -152
110 132 152 176 193 205 220 240 268 292 304 319 346 377 396 409 415 418 420 422 420 415 416 426 437 449 455 458 462 464 464 462 459 458 459 458 452 438 425 419 414 411 406 400 396 391 385 381 379 381 384 386 388 394 405 424 432 429 417 402 374 349 332 323 324 336 355 373 393 418 442 454 466 478 483 484 486 482 464 428 360 283 194 120 76 3 -42 -66 -89 -119 -152 -176 -199 -234
120 146 166 179 185 187 192 202 221 236 244 266 299 331 358 372 384 395 402 404 405 405 412 422 432 439 446 455 467 473 475 475 475 477 481 485 475 458 446 440 434 423 410 397 384 368 346 325 312 314 313 305 304 312 331 351 364 364 348 338 331 312 290 269 254 243 247 266 288 308 329 355 383 410 425 440 453 450 414 334 239 151 92 52 17 -54 -82 -104 -141 -177 -214 -259 -306 -375
143 169 195 210 216 217 216 217 218 217 221 234 262 292 312 321 341 362 363 366 380 393 403 412 421 431 442 456 466 473 476 476 482 490 498 499 490 478 468 459 451 430 410 404 392 371 335 295 281 281 281 279 279 283 292 297 295 278 258 242 235 230 226 220 194 171 175 189 197 206 218 237 257 279 305 334 364 377 339 235 155 86 44 21 -34 -80 -118 -157 -209 -269 -323 -392 -455 -515
160 187 220 248 265 279 284 280 272 261 245 237 249 268 276 290 313 327 331 346 370 382 392 403 417 437 451 460 465 467 470 474 478 482 483 483 480 472 465 460 443 420 414 419 400 361 319 291 297 313 330 338 340 339 333 321 300 264 237 216 202 196 198 192 169 154 153 148 141 136 132 130 138 158 186 216 238 235 188 121 65 22 -14 -36 -91 -133 -182 -260 -330 -407 -471 -528 -580 -615
202 249 287 317 342 363 371 365 354 336 309 286 277 275 278 285 296 308 324 343 359 371 383 399 421 443 460 468 469 471 475 478 478 475 472 467 463 458 455 451 441 435 438 426 394 360 341 343 363 383 400 405 405 396 373 335 294 262 251 243 226 218 215 194 175 177 175 154 128 107 87 75 73 80 91 101 106 93 61 17 -41 -67 -91 -134 -193 -265 -337 -414 -483 -539 -589 -623 -650 -670
298 343 370 388 415 431 436 430 418 402 383 353 328 315 304 295 291 297 316 340 352 365 379 396 420 443 465 475 479 483 486 489 488 485 478 471 466 462 458 455 452 447 441 427 414 411 412 415 422 428 431 428 421 391 337 301 288 283 277 263 247 232 214 184 180 193 186 163 135 113 96 79 63 50 41 34 20 -3 -39 -97 -121 -149 -195 -270 -341 -413 -477 -528 -580 -615 -642 -661 -674 -686
396 413 418 424 434 440 440 436 434 437 426 403 379 361 339 315 294 296 323 347 357 367 381 398 420 444 463 479 487 494 499 502 498 493 487 484 481 475 468 463 458 452 449 451 453 454 453 450 450 451 452 447 433 405 373 373 383 380 369 350 329 304 277 253 243 234 215 186 154 123 100 74 51 40 18 -24 -72 -105 -147 -182 -211 -263 -320 -378 -439 -488 -537 -574 -606 -632 -648 -661 -670 -679
445 446 441 436 433 429 428 430 437 442 436 425 409 386 361 332 314 326 353 366 375 383 393 407 422 441 458 474 487 498 507 508 503 499 497 495 491 483 477 476 475 474 474 473 471 468 464 466 473 479 483 483 480 475 469 466 469 473 470 462 447 430 408 384 355 313 264 195 141 98 54 -12 -32 -35 -85 -141 -171 -208 -253 -294 -333 -371 -414 -448 -487 -520 -550 -580 -604 -628 -642 -652 -659 -664
446 440 436 433 430 429 433 438 445 447 444 436 424 404 384 371 365 370 377 381 389 399 406 416 425 437 451 464 477 489 498 503 504 503 505 508 508 507 507 507 507 504 498 492 487 484 484 486 492 498 504 508 512 514 511 508 508 510 513 513 510 504 496 481 434 335 234 138 46 -30 -122 -176 -177 -193 -226 -256 -291 -338 -381 -406 -432 -458 -483 -502 -518 -536 -553 -576 -601 -618 -626 -632 -638 -642
435 428 426 427 430 433 438 445 452 457 456 451 443 435 428 421 414 407 401 399 403 408 413 421 432 440 449 455 462 471 481 493 497 501 512 524 536 541 542 540 537 529 521 513 508 507 504 502 505 509 512 519 528 535 538 538 536 534 533 531 526 516 505 468 372 252 129 35 -140 -236 -280 -294 -300 -316 -337 -363 -392 -417 -439 -454 -472 -491 -504 -515 -522 -531 -543 -558 -574 -583 -592 -605 -615 -622
424 421 421 425 428 430 434 443 453 462 467 469 473 475 472 466 460 452 443 434 427 425 428 436 444 451 455 458 460 466 475 483 487 493 504 518 533 546 554 557 555 548 543 538 532 527 523 520 519 523 528 534 544 556 563 563 561 554 538 514 491 449 382 298 185 76 -60 -171 -313 -352 -362 -365 -373 -387 -392 -390 -394 -403 -416 -431 -444 -462 -477 -486 -491 -492 -499 -513 -530 -549 -566 -585 -598 -612
417 418 419 422 423 423 429 439 453 466 479 491 502 508 509 510 508 501 489 476 465 458 455 456 460 465 469 472 473 474 476 478 479 481 486 496 508 524 537 546 550 552 554 551 545 540 537 535 538 548 556 557 563 570 569 559 546 507 447 391 340 279 192 110 -8 -184 -274 -353 -398 -415 -416 -417 -422 -417 -392 -374 -366 -368 -377 -389 -408 -436 -455 -455 -444 -435 -447 -474 -499 -528 -552 -575 -597 -618
421 422 423 424 424 424 429 440 456 470 482 498 509 515 522 529 529 525 520 513 503 492 484 478 477 480 485 486 485 482 479 478 476 476 477 481 487 495 504 513 521 527 530 530 531 532 533 534 546 561 569 569 566 549 519 470 416 350 272 220 168 115 53 -52 -216 -319 -365 -407 -435 -441 -442 -443 -441 -421 -399 -385 -379 -379 -386 -400 -426 -447 -447 -431 -408 -403 -424 -459 -493 -522 -552 -576 -603 -623
422 425 429 432 435 433 435 450 461 468 476 486 497 506 515 521 522 523 524 524 521 513 505 499 498 499 500 499 496 491 488 484 480 477 476 476 478 479 481 486 490 492 496 500 507 512 513 516 526 540 548 528 489 429 363 300 230 178 127 91 50 -20 -90 -203 -285 -338 -391 -428 -446 -448 -449 -448 -443 -430 -423 -422 -421 -421 -424 -429 -437 -436 -425 -410 -402 -416 -443 -474 -507 -532 -557 -577 -595 -602
416 422 430 441 448 450 456 466 472 476 482 488 496 503 509 511 511 512 514 517 518 516 515 515 517 518 518 516 513 507 499 492 485 481 479 479 477 474 473 473 473 473 475 480 488 493 495 498 503 508 486 421 348 288 228 179 121 73 39 8 -42 -111 -181 -243 -308 -359 -409 -438 -446 -448 -448 -449 -447 -445 -445 -443 -439 -425 -407 -391 -381 -369 -365 -370 -389 -415 -446 -472 -500 -522 -538 -553 -564 -562
414 417 429 447 459 468 475 483 492 497 498 500 502 504 506 505 504 504 505 506 507 508 510 513 518 522 523 525 522 513 501 493 487 484 483 482 476 469 463 459 458 457 454 447 448 461 473 480 473 449 370 289 237 201 157 104 60 26 -6 -49 -109 -166 -231 -285 -340 -388 -423 -442 -445 -447 -448 -449 -450 -451 -448 -436 -416 -382 -354 -329 -311 -298 -298 -310 -331 -357 -388 -421 -448 -477 -498 -516 -527 -528
419 421 435 450 466 477 485 493 500 504 505 505 505 505 504 502 501 499 495 491 489 488 488 491 497 502 509 514 511 503 493 483 477 474 475 472 463 456 449 447 445 441 414 364 360 392 426 442 422 363 257 183 148 106 70 34 7 -20 -69 -119 -180 -234 -287 -341 -382 -420 -440 -444 -446 -447 -448 -449 -450 -451 -442 -417 -389 -356 -331 -308 -279 -261 -254 -256 -264 -284 -311 -352 -394 -436 -471 -490 -498 -493
427 432 441 448 458 469 478 487 494 501 503 504 503 501 497 494 492 487 481 471 465 463 464 466 471 479 490 498 493 482 472 464 459 458 458 455 452 449 447 444 442 419 347 278 270 296 343 374 372 300 206 121 73 32 9 -18 -58 -99 -152 -204 -255 -311 -357 -400 -424 -439 -445 -446 -447 -448 -448 -449 -450 -448 -438 -416 -381 -351 -323 -296 -267 -246 -234 -227 -227 -238 -268 -316 -376 -423 -455 -462 -450 -438
429 430 432 434 443 456 463 472 488 499 501 500 497 493 488 483 478 470 461 452 444 440 439 441 444 452 462 468 466 462 457 456 454 453 451 451 450 450 450 447 440 402 323 268 232 220 233 272 284 241 167 90 43 5 -26 -71 -123 -177 -228 -285 -334 -382 -416 -435 -442 -444 -446 -447 -447 -448 -448 -448 -449 -448 -441 -422 -388 -358 -329 -303 -280 -257 -245 -239 -234 -238 -263 -307 -374 -413 -424 -411 -393 -388
438 433 429 432 444 454 461 473 489 494 493 491 488 485 482 478 469 459 447 437 427 417 410 408 410 414 420 429 439 444 449 452 452 450 451 451 448 448 449 451 443 413 361 299 240 184 163 166 174 159 96 53 14 -25 -75 -134 -186 -248 -304 -355 -399 -425 -438 -442 -443 -445 -446 -446 -447 -447 -447 -447 -447 -447 -442 -428 -407 -379 -355 -331 -311 -293 -279 -263 -241 -237 -255 -310 -365 -386 -380 -358 -342 -336
456 453 450 454 464 472 479 485 489 491 489 485 479 474 471 466 456 445 434 422 412 399 389 385 385 386 392 401 415 428 436 438 437 440 445 445 441 437 436 440 440 424 383 315 250 187 144 118 100 71 30 11 -20 -85 -144 -191 -237 -300 -364 -400 -428 -436 -439 -441 -442 -444 -445 -445 -445 -445 -445 -444 -444 -443 -440 -433 -421 -404 -385 -367 -349 -332 -306 -267 -237 -244 -270 -315 -346 -357 -341 -314 -285 -266
469 477 483 485 490 500 502 501 505 508 505 497 483 470 456 445 435 422 413 403 395 388 381 376 370 371 379 390 400 410 413 411 410 417 426 429 426 419 413 408 408 397 368 325 265 216 164 117 78 26 -6 -37 -80 -152 -204 -237 -295 -350 -389 -414 -429 -436 -439 -441 -441 -442 -442 -443 -443 -443 -442 -441 -440 -438 -436 -433 -429 -420 -407 -394 -378 -361 -335 -297 -285 -295 -310 -327 -342 -334 -294 -249 -203 -175
