gebco_2020_n72.59971618652344_s72.22480773925781_w-81.42654418945312_e-80.47622680664062.asc
ncols        228
nrows        90
xllcorner    -81.425000000000
yllcorner    72.225000000000
cellsize     0.004166666667
NODATA_value -32767
[rows 0 to 41 of 90, columns 94 to 187 of 228]
645 663 674 676 671 666 662 661 662 663 661 655 646 638 631 628 626 623 619 613 605 598 587 574 556 536 520 507 497 488 477 467 460 453 443 434 433 441 461 477 492 509 526 543 556 567 573 573 567 558 547 538 541 548 552 557 564 569 568 553 530 504 476 448 420 400 376 349 345 358 369 377 383 378 359 342 342 378 432 480 520 542 556 562 554 532 514 501 496 496 493 490 491 497
688 710 721 716 706 694 683 672 666 660 651 641 630 619 611 605 601 596 592 589 585 580 571 556 543 529 517 508 499 491 481 472 467 461 455 446 439 444 456 473 491 514 533 550 569 583 591 592 587 575 563 563 573 575 570 568 563 550 536 515 490 465 443 425 400 379 377 388 410 428 441 448 449 437 413 370 345 356 405 467 521 552 565 566 554 539 528 522 521 524 528 531 533 534
716 734 736 724 705 682 665 652 642 634 624 614 605 593 584 578 572 569 567 568 568 563 555 545 535 526 517 510 503 495 487 479 474 474 470 459 451 450 455 468 484 501 517 535 562 583 597 603 601 594 586 589 595 598 599 595 581 555 526 497 464 445 441 426 402 401 425 449 472 485 492 494 489 473 443 404 369 356 381 435 498 544 551 551 549 546 542 539 540 548 556 563 564 560
736 741 732 708 679 657 638 627 618 608 600 591 581 572 568 568 570 573 577 579 576 570 562 552 541 533 526 519 512 505 498 492 487 485 478 471 469 467 465 466 472 478 489 512 538 566 586 598 604 605 603 602 603 608 611 608 589 566 537 512 491 478 469 450 441 454 477 494 508 516 519 519 515 498 453 421 408 390 375 404 456 489 505 511 518 527 532 536 542 552 560 564 559 550
755 747 728 704 674 651 634 622 613 604 596 588 579 576 584 592 599 607 613 612 605 594 579 564 552 543 537 532 526 520 512 505 497 490 486 485 486 484 479 474 469 467 472 490 510 532 553 568 581 590 595 597 599 601 601 594 578 561 545 531 517 500 489 484 493 509 520 528 534 537 536 535 530 512 485 479 477 452 426 411 415 428 432 429 439 458 476 494 515 530 539 537 527 515
752 743 727 710 689 666 651 639 633 629 626 621 616 623 634 641 646 655 661 660 648 629 609 589 578 570 563 558 553 544 532 519 509 503 499 496 495 494 492 488 481 475 473 477 489 502 516 529 542 556 567 576 581 581 580 576 568 554 545 536 524 514 514 520 529 539 544 547 548 548 546 545 541 533 525 517 515 512 492 467 446 423 389 354 337 345 377 411 446 471 485 484 476 465
715 711 706 698 691 682 673 668 669 673 675 671 672 682 689 692 699 706 711 708 693 670 650 634 623 613 602 594 586 572 558 541 531 526 518 512 508 507 506 503 497 490 484 481 483 488 495 501 509 520 533 545 554 559 563 565 559 552 548 544 538 535 535 540 546 550 551 550 548 547 546 545 543 539 532 527 528 527 519 501 472 420 363 308 273 282 304 321 346 380 399 406 406 399
671 670 672 679 685 687 688 693 699 707 707 703 703 705 708 712 719 725 728 725 714 697 678 667 655 642 630 620 609 595 580 569 565 560 548 537 532 527 523 518 513 508 502 495 491 490 489 488 491 495 503 512 522 533 543 549 549 550 551 551 550 549 550 555 557 556 551 544 539 534 531 527 524 521 519 517 513 502 485 459 426 378 331 301 290 294 286 276 286 300 307 315 325 323
645 649 659 674 688 698 707 716 722 723 718 712 704 698 695 696 700 704 709 713 710 700 688 679 671 662 655 647 635 623 611 605 603 592 579 569 562 555 548 540 532 522 515 508 504 501 495 491 489 488 489 495 503 511 519 525 531 537 542 544 545 546 549 552 552 548 539 527 518 509 503 496 489 485 480 474 463 444 426 406 380 357 338 329 328 320 302 288 278 258 235 234 233 214
646 653 668 686 702 717 726 731 729 723 712 703 692 679 670 664 660 659 668 679 685 686 685 685 686 687 687 683 674 663 652 643 633 618 606 601 594 586 579 567 552 540 536 531 524 516 506 501 499 495 493 496 500 502 504 506 510 517 522 525 527 528 528 529 531 526 517 506 496 487 478 471 460 448 437 426 413 398 381 371 366 359 348 336 325 312 295 277 249 217 185 157 127 94
669 680 692 707 719 728 731 728 719 708 697 686 674 660 648 637 625 620 624 638 655 669 678 686 694 700 704 702 697 686 675 661 646 632 625 620 613 606 599 587 575 571 570 562 550 537 526 520 515 510 504 501 501 502 501 501 503 504 505 507 509 508 506 502 499 493 487 482 474 467 461 453 441 424 410 398 385 372 358 354 351 341 326 307 291 278 251 221 188 151 118 84 35 14
707 718 727 733 737 737 732 724 712 697 686 674 660 649 639 628 615 596 589 608 633 649 662 672 680 686 686 682 679 675 665 655 643 635 630 624 617 612 607 602 598 597 593 585 579 571 561 552 546 539 527 518 513 508 507 508 508 505 502 502 502 501 495 485 473 461 451 444 436 430 427 429 428 413 392 381 372 361 351 343 337 328 315 300 282 255 212 166 104 62 30 -5 -50 -71
734 738 739 737 733 730 729 723 712 699 684 671 657 649 642 630 611 580 568 577 596 614 628 637 641 643 644 646 651 653 650 644 638 633 629 624 620 618 618 619 619 618 617 615 613 608 600 596 594 587 575 559 543 528 519 518 516 513 509 505 503 500 493 481 461 445 428 412 396 379 374 384 385 372 359 352 348 342 336 332 328 315 289 258 221 160 108 37 -27 -62 -93 -123 -154 -184
723 716 709 701 694 696 703 709 708 698 683 670 659 648 639 626 603 578 553 544 551 563 572 579 585 597 613 628 639 642 641 639 639 639 635 630 623 622 627 633 636 640 642 643 643 642 640 641 640 637 627 612 589 567 552 543 535 525 516 508 503 497 486 472 455 436 420 402 385 368 348 332 313 297 285 285 297 294 274 259 222 185 139 85 40 -9 -52 -103 -149 -173 -190 -207 -223 -236
660 654 647 635 629 637 659 684 694 687 680 670 659 647 636 623 603 582 558 539 528 517 515 524 544 567 593 617 630 635 636 637 641 641 635 627 620 616 619 630 641 649 657 663 667 667 667 667 667 666 661 651 633 618 604 586 567 546 527 514 501 489 475 458 442 424 411 399 385 366 336 298 261 213 175 168 163 139 110 74 38 3 -35 -70 -97 -121 -150 -177 -200 -215 -225 -235 -244 -252
590 587 581 573 565 573 611 654 671 676 675 670 659 650 639 625 610 595 578 556 532 510 495 495 508 534 566 597 614 622 623 623 621 617 610 601 595 592 601 620 638 649 658 665 668 669 670 670 670 671 671 668 660 649 635 615 590 564 536 515 501 485 465 445 432 418 398 376 350 326 296 239 187 112 57 37 12 -13 -40 -72 -88 -108 -129 -146 -164 -179 -194 -209 -222 -234 -243 -252 -260 -267
550 546 543 534 515 522 558 599 627 644 652 652 649 645 635 619 608 600 588 572 549 525 501 485 484 500 528 559 587 595 595 590 580 563 546 532 539 557 581 602 616 628 636 642 647 650 653 656 660 666 670 670 665 655 638 619 590 562 537 516 503 482 457 443 427 397 357 312 275 238 197 153 100 24 -7 -36 -67 -104 -135 -153 -167 -178 -192 -203 -212 -222 -230 -239 -247 -255 -263 -269 -276 -281
535 526 518 500 483 480 495 520 547 563 575 583 591 596 589 576 562 555 553 546 535 519 504 489 475 465 482 525 554 557 551 531 493 461 458 475 513 541 560 576 588 599 609 618 626 630 632 635 643 654 660 663 656 644 624 597 568 547 533 513 489 464 434 406 352 264 209 166 132 102 68 50 9 -30 -57 -95 -129 -164 -189 -201 -213 -226 -238 -247 -251 -255 -260 -264 -270 -275 -280 -284 -288 -291
539 527 515 496 479 468 467 476 484 489 492 499 509 514 508 490 468 468 474 473 471 471 468 461 439 422 438 470 485 484 466 425 368 376 430 470 502 533 552 565 575 585 596 605 610 610 606 606 614 626 637 637 628 613 593 561 541 534 514 478 421 366 312 241 146 61 34 18 -2 -18 -33 -47 -66 -92 -117 -144 -172 -196 -214 -226 -241 -258 -269 -274 -275 -277 -279 -281 -284 -286 -289 -292 -293 -294
536 531 516 502 499 500 501 506 511 509 500 494 489 482 465 437 426 440 448 448 447 444 440 433 419 406 403 413 424 416 389 357 340 366 392 413 457 516 550 563 567 570 574 577 578 575 571 567 570 583 594 594 586 571 552 532 523 506 439 353 247 155 92 16 -41 -59 -70 -77 -85 -94 -104 -119 -133 -149 -167 -183 -200 -215 -228 -242 -255 -268 -277 -281 -283 -285 -286 -287 -288 -289 -289 -290 -291 -291
553 549 536 538 552 560 560 563 563 555 544 533 520 503 481 462 468 481 486 485 480 472 462 451 440 426 419 424 424 409 395 383 374 358 330 334 421 498 545 555 545 537 534 531 531 532 530 525 525 533 542 546 539 526 509 497 478 404 292 160 48 -14 -65 -107 -126 -131 -136 -141 -146 -153 -161 -170 -182 -191 -202 -211 -220 -230 -238 -247 -255 -262 -270 -276 -281 -284 -286 -286 -286 -285 -284 -284 -283 -281
603 602 603 612 619 617 611 604 594 585 575 564 553 540 529 522 522 521 518 516 510 495 478 458 440 428 422 421 414 402 390 379 369 335 285 302 377 446 495 512 506 491 484 486 488 490 492 491 488 487 489 477 448 432 418 396 349 240 155 28 -67 -95 -128 -148 -161 -169 -174 -179 -184 -189 -195 -201 -208 -215 -222 -229 -235 -241 -246 -251 -256 -262 -268 -275 -279 -282 -284 -284 -282 -280 -277 -276 -273 -266
664 671 679 685 685 679 667 655 646 633 619 606 596 588 579 571 563 554 546 538 528 514 489 463 438 421 410 400 389 377 365 358 344 316 285 278 294 335 378 414 425 423 426 431 435 444 455 459 455 448 424 376 327 309 289 249 191 108 42 -85 -126 -144 -159 -172 -182 -192 -199 -204 -209 -213 -216 -220 -226 -233 -239 -245 -250 -255 -259 -262 -265 -268 -271 -275 -278 -280 -281 -280 -278 -274 -269 -259 -247 -227
712 719 725 729 730 724 715 705 696 684 669 653 634 618 605 595 585 575 566 560 554 542 518 497 479 459 442 422 405 396 386 375 362 343 316 283 263 257 267 280 288 307 333 363 386 398 401 394 382 368 334 284 247 211 165 124 19 -38 -96 -135 -151 -167 -181 -194 -206 -216 -225 -230 -233 -236 -238 -241 -245 -249 -254 -258 -263 -266 -269 -270 -270 -271 -272 -273 -275 -275 -274 -267 -258 -244 -226 -205 -178 -152
727 727 727 731 733 727 718 711 706 702 690 672 649 627 615 607 601 595 589 584 576 561 547 538 529 516 498 480 462 448 433 416 397 371 344 316 285 256 221 182 161 190 237 290 319 321 307 289 272 250 221 180 142 94 25 -31 -116 -133 -143 -159 -176 -195 -208 -220 -233 -242 -248 -251 -251 -252 -254 -254 -255 -258 -262 -264 -265 -265 -265 -263 -262 -263 -263 -263 -257 -249 -238 -216 -195 -171 -142 -118 -89 -64
719 710 706 706 702 693 680 673 678 682 675 662 649 637 631 625 619 613 606 596 585 570 564 564 560 553 540 525 507 488 473 451 427 398 369 352 330 297 252 190 153 139 147 170 201 210 191 163 139 110 81 50 12 -31 -86 -138 -167 -180 -188 -199 -213 -225 -234 -242 -249 -253 -254 -251 -250 -253 -256 -255 -254 -258 -259 -258 -255 -251 -246 -241 -236 -233 -227 -216 -201 -180 -158 -132 -102 -78 -53 -33 -11 18
710 696 687 680 668 655 640 636 643 650 652 651 647 640 632 625 617 607 597 583 564 550 549 549 543 543 543 532 519 516 511 493 466 440 423 413 387 340 284 221 152 102 65 68 93 87 65 43 27 10 -12 -43 -84 -117 -148 -185 -202 -211 -218 -222 -230 -236 -241 -244 -245 -246 -245 -244 -244 -248 -250 -250 -251 -253 -252 -248 -238 -228 -215 -204 -193 -178 -164 -143 -123 -99 -71 -47 -22 -1 17 43 75 114
699 686 674 664 653 641 629 620 618 623 630 632 631 627 619 608 599 588 576 556 526 513 514 521 532 550 555 541 538 549 544 526 506 486 474 440 376 296 200 131 68 31 9 9 13 4 -5 -10 -21 -33 -59 -107 -141 -155 -175 -195 -206 -210 -215 -222 -228 -232 -233 -230 -230 -232 -233 -233 -234 -235 -235 -235 -237 -239 -238 -229 -213 -196 -179 -159 -142 -120 -101 -81 -58 -37 -12 7 32 68 101 137 173 205
670 662 654 647 642 634 623 609 599 595 593 594 595 592 587 581 575 568 553 529 500 476 473 493 518 541 552 554 560 559 546 511 470 429 391 325 231 153 85 31 2 -23 -38 -42 -40 -40 -41 -46 -55 -69 -89 -112 -123 -133 -153 -172 -185 -192 -200 -214 -222 -225 -219 -212 -209 -210 -211 -212 -212 -210 -209 -208 -208 -208 -205 -193 -178 -157 -136 -112 -90 -69 -48 -32 -14 8 31 63 106 152 194 217 245 280
617 614 612 610 606 599 589 579 567 556 548 542 538 538 539 539 538 533 523 503 471 431 420 423 433 447 465 482 493 478 439 361 285 239 188 134 83 43 17 -11 -28 -48 -64 -69 -68 -65 -64 -65 -68 -69 -68 -70 -76 -83 -99 -125 -148 -164 -177 -192 -203 -206 -201 -194 -192 -190 -190 -188 -185 -183 -179 -176 -172 -170 -164 -153 -142 -121 -93 -64 -38 -22 -8 13 40 76 107 145 192 231 264 286 319 369
539 545 550 548 535 528 525 519 514 510 507 501 498 501 501 500 502 503 498 483 456 426 395 365 332 310 302 307 303 273 218 158 104 72 45 20 0 -20 -30 -42 -51 -56 -60 -63 -65 -62 -60 -59 -57 -51 -48 -51 -55 -60 -74 -103 -126 -140 -152 -163 -173 -177 -178 -176 -173 -170 -167 -163 -157 -152 -145 -139 -132 -124 -116 -108 -98 -81 -45 -16 4 29 51 80 112 150 189 222 256 287 319 353 382 411
475 480 482 475 465 459 456 454 456 461 462 463 470 476 473 470 471 469 461 449 429 405 367 312 259 204 167 140 114 92 62 38 14 -6 -24 -39 -49 -55 -61 -63 -59 -51 -48 -50 -51 -49 -48 -49 -49 -49 -52 -57 -63 -73 -87 -103 -117 -127 -136 -143 -149 -153 -154 -154 -152 -149 -144 -138 -131 -121 -112 -99 -88 -76 -63 -54 -44 -26 2 31 63 110 137 156 182 209 242 266 285 316 345 361 370 379
472 462 452 441 433 425 419 416 421 424 425 428 435 437 434 430 421 405 382 361 344 322 287 233 180 128 74 40 20 4 -16 -33 -43 -56 -69 -78 -84 -86 -84 -75 -68 -63 -60 -58 -54 -48 -43 -43 -46 -52 -58 -64 -72 -84 -95 -104 -114 -121 -127 -132 -135 -138 -139 -138 -136 -133 -128 -121 -113 -101 -86 -66 -49 -39 -26 -10 6 32 61 99 140 181 216 234 247 261 275 289 302 321 332 335 341 348
545 535 520 503 486 470 455 447 443 439 433 426 420 412 405 398 378 344 294 243 226 208 177 138 75 27 -20 -44 -59 -82 -96 -103 -104 -104 -105 -110 -111 -106 -97 -85 -80 -78 -77 -75 -70 -55 -41 -38 -41 -48 -52 -54 -61 -71 -83 -96 -107 -114 -118 -122 -125 -127 -127 -126 -124 -123 -121 -114 -105 -91 -60 -30 -17 -12 2 22 48 79 107 136 173 211 248 272 288 300 306 312 320 328 334 340 348 356
632 637 630 617 597 577 555 533 521 519 509 489 467 448 428 403 367 304 230 166 131 103 65 30 -17 -85 -123 -140 -150 -157 -158 -156 -149 -140 -134 -127 -119 -104 -86 -73 -67 -68 -71 -73 -65 -41 -29 -27 -30 -35 -38 -42 -50 -62 -78 -92 -100 -103 -102 -103 -105 -104 -99 -96 -97 -98 -96 -88 -75 -55 -20 1 6 11 23 46 74 95 117 138 167 201 236 273 301 321 330 334 338 343 349 360 370 381
673 682 684 678 668 653 634 614 608 604 588 563 530 485 435 363 294 223 147 86 39 -28 -58 -71 -109 -171 -190 -194 -194 -192 -189 -180 -165 -146 -130 -114 -97 -72 -42 -34 -29 -25 -24 -21 -9 1 -1 -7 -17 -26 -38 -46 -51 -57 -63 -67 -70 -69 -63 -61 -54 -37 -23 -13 -14 -16 -13 -13 -4 18 35 42 41 38 48 69 90 104 123 145 167 196 227 265 310 336 351 358 363 369 375 386 399 414
689 689 686 678 669 658 645 637 631 616 589 547 494 409 321 224 142 72 10 -43 -85 -138 -150 -160 -186 -204 -211 -212 -210 -203 -190 -163 -139 -112 -94 -80 -59 -29 -5 10 33 58 68 77 85 83 76 64 47 28 16 16 21 32 34 30 16 8 8 17 43 70 96 104 100 95 87 81 87 97 100 98 87 77 80 91 102 117 134 158 183 206 238 279 324 354 375 390 400 410 416 422 432 441
689 679 667 652 630 617 608 605 589 536 485 435 365 277 164 77 17 -37 -92 -141 -164 -181 -192 -201 -210 -216 -219 -220 -214 -195 -168 -137 -96 -63 -57 -59 -45 -10 18 52 98 134 165 188 208 217 218 207 189 171 168 171 183 191 193 182 159 146 139 148 165 179 187 181 172 163 155 150 147 143 138 133 123 112 105 112 126 141 156 175 201 225 261 301 336 369 388 406 424 437 447 450 451 449
662 652 635 616 601 597 589 567 525 456 376 298 200 128 45 -6 -41 -87 -127 -157 -176 -188 -199 -206 -213 -217 -219 -218 -211 -197 -173 -135 -66 -34 -35 -43 -36 -5 25 65 121 167 219 264 296 319 327 324 308 299 302 304 306 314 319 312 301 289 274 262 250 240 227 213 202 192 183 176 168 161 155 152 150 150 153 162 172 181 194 209 230 258 292 328 354 372 384 399 420 437 450 456 455 449
623 621 615 606 606 605 583 541 470 383 259 155 69 15 -22 -58 -90 -119 -146 -166 -183 -195 -205 -213 -218 -220 -219 -215 -206 -193 -165 -113 -71 -45 -39 -46 -37 -5 32 81 129 184 236 287 321 346 362 368 366 362 360 360 363 372 375 373 368 358 335 312 295 277 259 240 225 213 201 192 183 175 171 174 184 199 210 219 227 235 245 257 272 299 325 347 361 366 373 384 399 417 431 440 443 443
563 567 568 568 569 561 528 463 360 244 134 43 -10 -49 -89 -123 -155 -171 -185 -197 -207 -217 -223 -228 -231 -230 -223 -211 -192 -168 -140 -110 -90 -71 -63 -57 -25 13 64 122 175 230 268 298 325 342 361 378 386 384 386 390 394 396 396 395 393 376 349 322 304 289 275 258 240 227 215 205 197 192 195 204 217 229 242 255 267 275 279 285 294 309 327 341 348 350 354 362 373 387 401 416 435 451
460 448 442 437 428 417 381 306 225 97 24 -31 -83 -127 -171 -196 -207 -211 -218 -228 -236 -239 -240 -240 -237 -232 -221 -202 -182 -158 -137 -117 -95 -79 -62 -40 -11 29 80 143 210 264 309 334 352 360 367 376 381 384 383 384 388 391 394 398 393 362 328 296 275 268 257 246 235 225 219 214 213 219 231 242 253 260 270 287 298 298 296 295 295 298 307 315 321 324 328 335 346 358 378 406 435 451
