gebco_2020_n72.59971618652344_s72.22480773925781_w-81.42654418945312_e-80.47622680664062.asc
ncols        228
nrows        90
xllcorner    -81.425000000000
yllcorner    72.225000000000
cellsize     0.004166666667
NODATA_value -32767
[rows 42 to 83 of 90, columns 0 to 93 of 228]
172 161 153 144 139 149 178 215 256 275 283 286 296 318 342 367 384 393 404 412 416 420 425 426 424 421 418 420 428 440 450 456 459 461 464 470 483 494 503 510 516 518 517 516 514 512 510 512 515 518 525 545 582 626 652 666 667 665 664 665 666 660 651 639 632 629 626 621 616 611 606 605 607 605 596 588 582 580 578 575 572 565 557 544 526 510 501 496 493 488 478 456 426 390
238 206 186 167 151 144 148 164 179 192 213 243 271 295 314 326 334 344 356 369 378 382 386 392 396 396 393 390 391 396 400 403 405 407 411 415 419 421 423 428 435 442 449 456 461 463 467 470 472 482 500 534 579 617 647 661 664 662 660 659 657 652 643 636 634 632 626 620 615 610 605 601 597 591 581 568 557 550 544 538 536 534 529 517 491 470 454 444 436 419 401 382 358 336
340 316 293 263 229 197 173 157 153 160 181 198 211 222 234 247 260 274 290 308 316 315 327 347 357 360 361 360 360 363 366 367 368 370 374 376 377 375 375 376 380 384 392 400 407 413 418 418 418 432 461 498 540 575 603 625 640 650 651 648 644 639 630 626 624 620 615 610 605 599 593 590 584 577 571 562 551 536 520 508 499 495 491 478 459 436 416 399 387 377 362 350 343 342
466 490 468 411 352 292 248 217 195 188 185 175 167 168 171 175 181 191 207 220 220 224 246 271 288 300 310 317 324 332 335 331 329 331 337 344 344 340 337 338 343 350 358 366 372 379 384 386 389 399 417 444 473 503 523 546 575 594 603 611 619 620 618 615 612 609 603 597 590 585 580 574 567 563 566 564 554 537 515 500 486 472 457 437 420 403 383 370 371 375 374 370 363 331
599 636 602 544 474 414 358 322 292 265 238 207 204 216 200 176 158 149 148 145 140 144 158 178 200 217 239 263 279 287 286 282 287 297 312 319 311 294 279 295 320 331 337 342 348 354 361 366 370 371 368 377 399 417 431 452 479 497 513 534 550 563 573 579 584 586 583 578 574 568 563 554 545 541 541 539 533 522 509 493 473 444 415 386 354 333 315 306 308 337 360 344 292 207
648 658 636 607 565 520 482 447 404 352 311 294 326 338 304 266 233 202 178 154 136 126 124 130 137 147 166 187 194 201 215 236 263 274 274 278 268 227 221 274 307 314 319 324 329 333 336 339 342 338 331 332 340 344 352 370 387 404 418 434 449 464 480 493 505 514 520 522 520 515 510 505 495 487 486 492 495 492 482 466 443 410 360 303 243 216 204 181 188 240 255 220 145 79
626 631 631 625 609 584 569 546 503 470 453 461 484 486 471 445 414 377 338 304 268 237 213 192 171 156 149 141 132 138 159 184 202 199 197 202 193 179 215 266 291 299 307 314 320 322 322 322 322 321 321 320 315 307 309 316 320 328 344 358 370 379 388 397 404 406 412 424 423 411 402 400 395 402 434 459 457 449 435 416 382 337 278 203 156 138 121 101 111 129 119 92 56 21
616 623 629 631 626 624 625 619 609 603 603 607 613 622 626 624 609 588 564 537 502 463 428 378 328 295 266 229 192 170 156 149 142 134 128 127 137 156 188 212 227 247 266 285 298 305 310 313 315 314 312 308 299 291 292 285 271 276 296 312 321 324 326 329 320 305 310 320 309 295 291 287 289 327 377 383 364 359 345 315 276 227 186 146 125 112 94 81 72 60 44 26 16 -20
627 632 638 645 654 661 668 672 673 672 672 674 676 679 686 692 694 689 680 666 650 630 601 562 522 499 466 418 368 312 268 227 193 163 131 116 112 116 121 123 131 152 179 206 234 256 279 294 298 296 292 286 279 276 270 254 239 240 246 254 261 267 273 275 262 255 262 261 251 244 241 228 223 243 257 248 238 235 225 202 175 147 128 113 96 82 67 50 38 25 12 -5 -30 -73
650 654 660 667 672 676 680 683 683 682 682 684 685 687 689 690 688 679 671 667 661 654 647 639 632 621 606 578 542 499 449 404 351 292 231 173 138 120 108 95 91 96 107 125 149 187 226 258 273 277 275 270 265 262 255 242 227 212 203 199 202 208 212 214 215 222 228 222 214 213 207 196 188 185 177 166 157 148 141 130 113 96 78 69 60 47 34 18 9 -4 -27 -55 -99 -147
659 662 663 661 660 660 660 660 659 659 660 663 666 670 671 668 662 654 649 646 644 644 645 648 650 648 642 632 618 602 581 555 518 455 385 306 249 211 178 156 139 124 110 102 107 131 165 199 226 239 245 248 253 256 254 245 228 213 202 193 183 174 166 163 164 165 163 157 148 142 140 142 148 146 135 122 113 106 99 88 71 51 39 35 27 8 -12 -24 -36 -54 -80 -108 -136 -166
640 635 627 622 620 621 622 624 626 629 632 634 638 645 651 653 652 648 646 644 644 644 644 640 634 630 624 618 613 610 608 603 594 573 527 481 436 398 361 316 273 226 188 156 133 123 122 128 142 156 161 171 187 198 202 204 205 206 201 190 177 161 150 142 133 126 116 107 96 87 83 86 93 91 85 80 77 77 71 58 39 18 7 2 -13 -41 -78 -92 -101 -111 -123 -137 -151 -165
605 592 580 577 579 582 586 591 596 602 608 613 619 627 635 640 642 643 645 648 650 649 642 630 620 613 609 605 602 602 605 611 619 618 608 597 583 561 532 485 428 366 304 258 214 176 140 112 100 89 83 88 99 101 104 114 126 136 139 137 131 124 116 106 91 81 75 69 65 61 57 54 50 46 43 42 42 41 36 25 9 -11 -38 -58 -76 -96 -121 -132 -136 -140 -144 -148 -153 -158
568 557 551 551 557 565 570 574 578 584 594 602 608 615 620 622 624 628 633 637 643 648 647 641 634 628 624 621 618 619 623 626 627 622 617 612 608 602 589 569 530 485 433 386 349 299 246 187 136 106 88 83 78 72 67 65 67 70 70 70 69 67 64 54 45 45 44 38 35 34 33 30 26 22 22 21 20 17 13 6 -16 -47 -87 -118 -126 -131 -137 -142 -145 -147 -147 -146 -144 -141
543 540 542 550 564 574 578 579 581 587 594 600 604 606 608 610 611 611 612 616 626 637 645 649 649 648 647 645 645 645 644 640 632 620 612 606 600 595 589 580 567 545 523 500 474 437 378 314 254 215 185 159 139 118 96 81 73 67 61 55 52 50 50 48 50 52 40 25 17 16 15 15 14 15 16 16 14 11 7 -5 -31 -66 -97 -121 -130 -136 -143 -148 -152 -152 -148 -140 -130 -117
529 535 547 560 575 582 585 590 594 599 600 598 596 596 597 598 598 595 592 596 605 615 623 630 635 639 642 645 646 646 646 643 637 628 616 607 599 592 585 576 568 561 549 536 520 502 475 440 408 372 340 302 258 206 153 125 108 98 88 77 71 68 68 68 69 64 51 34 19 10 7 6 8 8 9 11 9 7 0 -22 -44 -69 -89 -106 -123 -136 -146 -153 -157 -151 -139 -118 -97 -79
513 522 534 549 559 567 575 584 591 594 590 586 584 583 582 582 582 579 577 580 584 590 594 597 603 611 618 622 621 620 620 620 618 612 603 593 587 582 575 566 561 557 540 522 507 496 491 480 466 453 435 411 359 287 217 160 134 121 106 91 80 74 73 72 70 64 53 32 15 5 -2 -5 -5 -4 -1 0 -3 -10 -33 -54 -71 -86 -101 -115 -127 -136 -141 -142 -136 -113 -85 -60 -36 -20
490 497 505 516 525 534 545 555 566 570 568 563 559 557 556 558 560 561 561 559 559 559 557 559 566 576 584 586 584 582 578 575 572 568 566 564 565 565 559 555 553 541 516 477 446 433 429 421 412 405 403 395 360 295 228 167 140 121 97 80 66 61 59 57 51 40 27 14 3 -8 -22 -29 -29 -28 -29 -38 -45 -55 -75 -88 -100 -108 -117 -120 -110 -101 -99 -91 -67 -38 -7 13 34 48
471 472 473 477 485 492 501 514 526 535 535 524 514 511 512 516 520 524 525 524 523 520 519 522 529 537 542 542 541 539 536 534 538 545 553 561 570 574 573 569 554 509 455 395 357 351 342 330 322 317 316 304 275 234 185 151 121 92 65 50 42 35 31 27 19 11 1 -6 -21 -38 -54 -64 -68 -76 -85 -93 -94 -97 -106 -113 -114 -116 -116 -94 -60 -45 -31 -20 -1 22 44 69 89 103
441 437 434 437 442 444 448 455 464 471 469 461 451 448 451 457 462 470 479 488 494 495 496 497 500 503 504 504 503 505 512 521 534 542 550 561 571 579 579 567 519 445 366 314 293 288 277 268 265 265 263 248 225 212 185 143 100 57 35 24 17 11 6 1 -6 -12 -21 -38 -58 -81 -96 -105 -112 -118 -122 -121 -120 -121 -120 -112 -101 -98 -87 -55 -22 -2 15 26 38 53 68 85 98 109
396 390 391 399 401 399 395 392 394 397 400 399 396 397 401 407 417 432 453 471 485 491 492 491 488 483 477 473 474 481 492 499 503 501 500 503 511 517 510 484 414 347 299 272 269 274 281 286 294 305 313 313 320 318 259 161 99 51 24 11 2 -3 -11 -21 -30 -43 -57 -77 -97 -114 -123 -125 -128 -129 -130 -129 -128 -121 -107 -82 -58 -51 -35 -5 20 49 63 72 75 78 82 84 85 94
354 350 360 373 375 370 358 351 350 360 373 379 381 384 389 395 410 428 446 463 474 483 486 482 470 457 442 433 429 431 435 437 435 430 424 421 423 417 394 359 318 287 275 277 289 308 325 336 353 373 394 415 433 395 283 180 104 53 17 0 -10 -20 -32 -47 -61 -75 -91 -105 -118 -123 -125 -127 -129 -131 -130 -126 -115 -98 -69 -35 -10 3 19 47 76 103 111 113 113 114 113 104 97 104
327 328 342 350 350 344 334 320 324 353 376 385 390 394 399 407 419 427 426 427 431 439 443 435 422 413 401 385 378 377 380 382 380 376 369 364 358 339 316 295 283 279 280 285 299 313 321 328 342 367 393 416 416 351 238 157 86 35 9 -8 -23 -40 -57 -71 -87 -99 -112 -121 -126 -126 -127 -129 -130 -130 -123 -107 -80 -52 -22 2 18 36 54 77 104 117 123 128 134 142 140 127 120 124
328 328 328 327 326 323 309 291 304 330 345 353 362 369 375 378 377 366 348 338 337 350 357 355 355 356 354 352 351 349 346 344 342 340 335 327 317 303 290 280 272 269 267 270 278 284 286 288 293 310 333 352 331 261 180 105 52 16 1 -21 -47 -68 -87 -99 -110 -117 -122 -126 -127 -127 -127 -128 -127 -119 -99 -70 -40 -11 7 16 27 41 58 75 90 97 105 117 128 137 137 134 135 141
337 330 326 325 322 314 292 278 282 283 277 284 296 298 291 281 267 256 240 228 231 243 252 258 263 273 288 301 309 304 293 279 277 286 291 291 286 277 264 254 249 242 237 240 248 254 256 253 241 231 239 253 225 163 107 53 21 4 -21 -55 -86 -101 -111 -117 -120 -122 -123 -124 -124 -123 -123 -122 -116 -97 -68 -32 -9 6 15 20 29 37 49 63 74 85 97 112 126 136 144 153 167 180
318 316 319 320 317 306 290 281 276 265 259 264 265 255 242 230 216 203 194 190 195 204 213 214 211 211 215 222 226 221 206 187 194 213 232 242 240 229 215 208 204 191 182 186 196 206 212 208 177 141 132 124 105 76 44 21 -1 -25 -60 -88 -101 -108 -111 -112 -113 -113 -113 -113 -112 -111 -110 -106 -97 -69 -31 -4 6 15 22 29 36 45 57 70 79 91 106 121 140 155 175 207 235 263
281 293 303 303 297 286 277 273 272 271 267 263 261 257 251 240 228 219 217 220 223 223 220 214 205 192 183 175 170 164 150 141 142 151 165 174 175 169 162 157 148 136 128 127 130 134 138 129 107 83 68 63 56 38 17 4 -19 -54 -72 -84 -90 -93 -95 -96 -97 -96 -96 -94 -92 -90 -87 -82 -66 -34 -2 10 20 32 41 53 63 72 78 84 91 100 115 138 165 199 233 278 323 363
231 253 264 259 254 251 253 255 254 249 239 236 242 240 231 227 227 228 231 233 230 222 214 206 197 187 177 168 159 152 143 134 125 118 116 118 118 117 114 110 105 100 95 91 88 85 83 80 75 67 59 54 43 26 12 -3 -30 -55 -66 -72 -77 -79 -81 -80 -79 -76 -73 -69 -64 -58 -51 -43 -22 -2 14 28 41 55 68 86 100 102 101 103 114 134 159 195 232 272 306 343 394 427
187 199 206 210 220 237 262 270 260 243 230 224 220 210 201 198 199 204 211 218 222 222 218 210 197 184 169 160 153 146 139 130 120 110 105 101 92 85 83 82 80 77 75 74 74 74 73 69 63 57 46 33 26 17 7 -4 -27 -49 -63 -67 -70 -72 -71 -67 -63 -57 -51 -44 -34 -25 -15 -6 4 16 29 44 57 68 87 108 122 124 128 141 165 203 240 277 316 344 373 400 425 441
157 165 176 189 206 236 263 272 267 255 243 235 224 214 204 194 188 187 192 199 208 213 213 208 196 179 164 153 146 138 130 121 113 108 106 100 91 85 81 79 76 73 71 70 69 67 59 50 43 34 26 19 15 10 5 -1 -18 -39 -51 -58 -61 -62 -59 -55 -49 -42 -33 -25 -16 -6 -1 9 18 29 43 55 69 84 104 126 145 163 177 199 227 260 300 333 363 382 401 423 435 440
124 134 146 162 177 195 211 221 226 226 225 225 227 233 238 235 225 217 210 206 204 203 203 203 196 182 171 159 147 137 128 118 108 104 102 98 93 87 82 77 75 74 71 68 64 54 41 32 28 23 17 14 11 8 6 3 -5 -21 -37 -47 -50 -49 -46 -42 -34 -27 -20 -11 -5 1 7 19 33 46 60 72 86 105 126 160 193 219 241 257 275 292 314 340 358 374 391 409 424 429
109 109 114 122 131 139 147 154 160 166 172 178 188 207 228 237 239 239 238 238 234 225 217 209 202 194 183 176 170 166 157 129 111 107 103 97 93 91 85 81 80 79 76 72 65 50 34 25 18 11 6 3 2 2 2 1 -5 -17 -36 -42 -41 -37 -30 -22 -17 -11 -6 -1 3 9 22 37 53 67 78 90 103 123 153 197 245 277 298 306 315 326 336 349 362 373 384 398 412 417
120 112 109 108 107 109 113 113 113 119 124 123 125 135 148 161 174 189 207 221 221 208 184 170 161 156 154 159 162 160 143 114 102 100 94 92 96 97 94 88 82 80 75 63 46 32 16 6 0 -6 -9 -12 -13 -14 -15 -16 -19 -25 -31 -30 -27 -19 -12 -7 -3 0 3 7 14 25 41 58 72 84 95 108 126 146 189 239 291 328 339 345 354 364 371 377 384 392 399 404 410 418
142 130 122 113 107 106 105 100 97 99 100 98 95 94 95 100 105 114 125 134 138 130 117 106 99 98 99 102 104 102 93 86 81 77 72 72 74 73 69 60 53 45 30 12 3 -6 -13 -20 -25 -29 -31 -31 -28 -28 -29 -27 -24 -20 -18 -13 -9 -5 -3 0 5 8 14 23 33 48 60 73 83 90 105 123 146 174 213 266 314 347 357 363 370 379 387 391 395 399 400 401 408 417
156 141 127 110 98 95 93 91 88 87 89 91 92 90 88 84 79 74 73 76 77 75 73 72 68 65 63 62 61 62 62 62 59 53 47 39 35 31 23 13 -2 -23 -38 -44 -44 -46 -49 -53 -57 -58 -54 -44 -30 -23 -20 -13 -7 -2 -1 1 4 5 5 8 12 20 32 48 62 74 85 93 100 105 114 133 158 185 212 256 298 325 344 356 368 381 390 395 397 397 397 400 405 410
167 160 141 120 103 95 92 89 84 84 88 90 91 88 85 83 78 74 73 72 61 51 52 53 50 49 48 44 40 40 40 38 35 30 21 13 6 -2 -17 -34 -54 -71 -76 -76 -74 -72 -71 -71 -69 -65 -56 -39 -23 -11 -3 8 24 31 31 30 29 28 26 24 29 42 57 73 89 101 116 130 143 143 142 159 180 197 222 250 276 294 314 334 350 371 390 402 405 406 406 408 410 412
220 213 194 170 149 132 122 113 106 103 100 94 88 83 83 84 83 84 88 80 59 47 42 41 40 40 37 31 26 21 19 17 13 9 2 -5 -13 -27 -41 -59 -71 -79 -82 -83 -82 -78 -73 -67 -61 -51 -41 -27 -15 -4 8 25 46 58 63 64 67 70 67 65 70 75 83 95 114 133 152 178 194 201 209 223 250 276 298 307 304 306 316 330 344 368 393 406 413 415 416 417 419 421
294 279 257 232 208 186 168 157 152 149 135 115 101 90 84 79 75 79 80 67 50 43 39 34 29 23 20 17 12 8 6 6 6 2 -4 -13 -23 -36 -50 -62 -73 -80 -84 -84 -81 -73 -66 -56 -46 -35 -24 -14 -4 5 15 33 47 61 71 84 99 115 129 132 128 120 118 133 150 167 190 220 249 271 292 320 365 402 418 413 397 387 383 381 385 394 402 407 415 421 422 422 424 425
328 313 290 271 252 237 225 217 217 214 203 184 161 133 101 79 68 70 65 48 36 27 21 16 9 5 3 2 1 5 8 13 13 2 -6 -13 -27 -38 -52 -63 -73 -79 -80 -77 -71 -65 -53 -41 -29 -19 -9 -2 4 12 24 38 49 62 80 98 122 152 179 192 194 191 195 205 210 220 251 280 308 333 359 404 446 480 492 485 468 455 449 449 446 440 431 427 428 429 427 425 425 426
311 300 282 269 267 267 267 266 264 268 268 255 224 182 139 103 89 83 70 51 33 21 14 7 -4 -7 -9 -7 -4 0 3 5 0 -9 -14 -21 -28 -37 -46 -57 -63 -66 -65 -62 -58 -47 -30 -20 -11 -2 2 7 14 23 35 45 57 72 91 110 135 170 199 226 241 253 270 278 282 293 315 335 350 367 388 423 452 471 477 473 463 458 467 470 463 454 446 440 436 434 433 435 438 440
247 240 229 223 227 235 249 263 274 279 277 264 241 205 172 137 113 92 71 50 30 25 23 2 -6 -8 -8 -9 -9 -8 -8 -10 -14 -17 -21 -21 -22 -28 -35 -41 -45 -45 -43 -40 -31 -18 -8 -3 4 8 11 17 26 36 45 52 61 75 90 112 137 167 195 215 232 250 272 282 288 300 312 324 332 339 353 369 385 397 405 415 424 436 443 431 414 403 399 401 406 415 427 441 450 456
162 161 158 157 156 157 174 200 216 221 218 208 196 181 160 129 91 69 47 23 10 10 3 -13 -13 -10 -6 -2 9 14 12 5 -2 -9 -11 -10 -11 -14 -20 -25 -27 -27 -23 -16 -9 -1 2 5 11 16 24 33 43 52 58 63 71 81 92 107 129 147 168 187 205 221 235 248 256 263 268 274 285 292 295 301 309 319 330 345 359 368 367 356 340 330 330 338 351 374 402 430 451 462
