gebco_2020_n72.59971618652344_s72.22480773925781_w-81.42654418945312_e-80.47622680664062.asc
ncols        228
nrows        90
xllcorner    -81.425000000000
yllcorner    72.225000000000
cellsize     0.004166666667
NODATA_value -32767
[rows 0 to 41 of 90, columns 0 to 93 of 228]
601 590 568 561 568 582 594 599 601 598 588 577 582 597 612 615 600 585 581 573 561 542 518 505 493 468 451 451 464 484 508 526 540 551 560 568 572 575 579 576 568 561 553 540 528 515 500 482 445 399 347 292 262 240 223 211 203 202 205 208 212 224 239 258 293 337 376 404 433 466 492 518 553 581 608 626 637 642 641 634 624 614 598 577 553 526 521 531 549 572 595 609 616 628
639 634 625 617 619 632 633 626 623 617 599 587 584 580 570 542 518 533 563 564 553 537 526 525 527 530 533 537 542 545 541 547 563 580 592 604 616 623 623 612 600 587 573 555 534 515 494 463 417 359 312 274 249 232 218 209 204 206 210 215 224 235 253 276 313 357 388 418 444 470 501 531 565 593 614 628 635 636 631 621 608 594 580 564 555 557 577 588 587 598 618 632 642 664
673 670 663 659 668 678 677 674 673 666 655 646 636 617 593 561 561 598 624 623 616 607 605 605 607 607 600 595 590 575 562 568 583 594 606 617 629 640 641 634 625 613 593 570 540 510 481 435 384 332 285 258 238 223 213 207 207 211 218 226 237 250 265 294 331 371 404 434 465 490 516 544 569 595 609 616 622 622 615 603 589 581 582 585 592 606 623 627 627 636 646 654 669 689
708 706 701 699 701 703 705 709 711 704 696 688 677 664 652 646 655 669 672 668 661 654 649 643 634 625 619 616 611 600 592 591 593 597 601 607 614 623 629 630 624 616 602 575 544 509 471 423 364 313 271 245 229 218 211 208 209 215 227 238 250 264 278 299 326 354 386 415 439 458 477 499 524 547 565 577 588 593 591 588 588 596 609 618 629 643 654 660 664 670 678 689 705 721
736 739 737 730 724 723 727 734 736 735 732 727 721 716 714 713 710 706 701 694 687 683 677 665 654 644 637 632 623 615 608 603 600 596 592 587 581 583 589 589 589 591 584 564 539 510 462 410 356 306 273 246 229 219 213 210 210 219 232 246 258 269 283 297 320 343 363 385 408 432 450 467 486 504 522 541 555 567 575 581 590 600 617 636 652 668 680 688 695 703 717 731 743 753
744 749 744 728 718 713 713 717 725 731 738 742 745 746 747 747 746 743 738 733 729 725 716 700 682 665 649 639 634 628 620 611 604 596 583 567 550 537 529 522 521 523 519 510 492 467 433 389 350 310 278 253 233 224 218 213 214 221 233 245 256 265 282 302 324 345 360 386 423 456 488 507 521 536 546 554 563 573 581 586 590 602 624 649 664 681 700 712 720 729 739 749 756 757
730 737 731 716 699 684 673 671 675 686 699 715 726 730 734 740 745 747 747 746 744 739 731 716 686 657 631 623 627 626 621 611 599 588 567 540 516 490 468 450 436 434 438 427 406 394 386 363 332 304 277 258 243 231 224 220 218 221 231 241 250 262 279 303 327 348 372 398 443 496 541 575 593 604 605 604 607 611 616 617 614 623 641 659 678 693 706 713 717 721 726 730 726 720
649 671 690 690 676 658 640 624 617 618 633 655 675 686 697 706 709 711 716 719 719 718 711 692 662 617 586 573 572 576 576 573 567 552 525 495 479 461 438 426 420 421 417 392 378 385 380 356 330 310 293 275 256 239 228 221 218 221 229 238 247 259 277 305 334 357 381 412 464 536 589 626 641 645 643 640 638 636 634 633 632 634 642 656 669 677 676 671 672 675 678 679 674 671
526 552 584 606 617 614 594 568 559 562 569 586 615 641 653 655 652 657 665 670 675 679 670 642 606 565 530 512 511 520 530 534 529 515 498 490 486 479 474 477 476 467 453 437 426 418 396 373 358 341 322 298 272 248 228 220 219 224 230 236 245 257 285 316 342 367 392 433 481 532 581 606 617 627 633 633 625 609 599 598 596 595 599 608 616 618 611 608 614 620 625 629 634 640
486 477 484 503 523 529 503 489 502 512 514 527 547 566 581 591 600 608 614 617 622 622 603 576 548 528 512 515 532 550 559 557 549 543 538 535 533 533 536 541 535 522 506 488 463 437 413 392 377 356 328 303 273 248 231 222 223 229 232 236 247 265 294 325 347 371 394 421 452 477 499 513 527 547 560 564 553 537 525 522 527 534 541 550 559 565 570 580 593 607 616 622 629 638
546 521 507 501 498 487 469 457 455 458 459 452 451 463 491 523 542 554 564 573 578 577 568 566 568 573 579 596 614 631 639 633 626 619 609 599 591 589 597 599 590 577 558 528 495 458 426 399 369 339 307 279 260 243 230 224 230 234 233 239 252 280 310 341 362 371 382 399 417 431 441 450 461 474 486 492 491 491 496 509 523 534 541 548 558 567 578 593 610 630 641 647 654 661
609 597 586 572 557 538 519 493 465 441 430 426 413 409 426 446 457 477 512 544 573 585 590 595 599 607 621 641 668 689 700 700 695 684 671 659 650 648 650 647 638 622 600 567 528 487 440 400 356 314 282 257 247 237 227 226 231 231 231 242 261 293 326 354 374 385 396 410 420 431 440 449 462 476 492 505 516 531 546 561 575 582 587 590 594 601 607 619 639 656 670 681 690 699
623 626 625 614 604 592 578 557 517 488 479 471 455 440 430 416 405 412 441 488 521 531 520 502 508 535 585 630 664 692 709 719 719 710 696 688 681 675 671 667 658 642 620 593 556 517 474 411 348 292 261 247 241 231 224 224 225 226 229 240 267 295 320 343 371 398 414 425 432 441 453 467 485 511 531 549 565 580 592 600 611 619 625 631 635 638 642 652 669 683 697 711 721 729
608 618 621 617 609 602 597 581 554 526 508 502 496 481 460 441 419 400 400 413 419 412 382 376 412 458 507 558 596 628 655 678 691 687 678 666 652 637 634 634 630 623 609 583 547 504 459 387 315 273 248 242 236 228 225 225 225 226 228 240 268 291 308 331 358 391 419 434 445 454 463 476 494 518 533 547 569 588 604 617 629 639 647 658 668 673 677 681 687 698 706 715 723 727
569 575 580 574 561 559 561 555 548 544 543 542 529 511 505 503 495 479 458 435 408 380 352 352 364 368 380 408 438 462 503 546 574 586 582 561 529 513 519 527 532 536 528 490 444 396 343 299 263 247 238 236 233 231 230 230 231 229 230 246 268 292 310 326 357 396 434 455 464 471 478 488 499 507 513 527 548 574 595 612 625 638 656 675 692 703 705 699 689 679 672 669 668 666
555 557 558 549 544 546 556 571 589 603 611 608 596 585 583 582 578 565 541 510 474 433 401 373 346 318 299 295 296 307 332 364 389 406 407 385 353 354 365 369 373 377 368 344 306 272 250 240 236 235 235 237 239 238 236 238 239 238 241 255 272 289 311 335 372 414 452 482 492 504 518 526 531 530 529 536 548 569 584 594 610 627 649 671 689 705 711 703 680 656 632 616 604 594
583 584 583 580 577 578 593 605 611 615 616 611 604 602 601 598 591 582 566 536 502 459 413 371 329 299 276 261 254 248 249 258 271 279 279 269 263 264 265 263 262 261 256 250 242 235 232 233 237 239 240 242 243 243 244 249 251 252 255 262 275 291 314 350 393 443 483 515 540 557 572 583 588 589 585 578 578 582 589 595 602 612 625 641 657 678 692 682 657 631 608 586 571 559
607 607 606 604 602 600 598 589 580 576 573 564 558 560 562 560 554 538 516 481 432 386 337 302 277 260 252 244 238 234 236 243 248 249 251 253 250 247 244 240 236 234 234 236 238 239 240 243 245 247 250 254 256 258 262 266 268 269 267 268 276 294 321 369 421 471 522 560 588 604 619 635 645 650 647 639 628 623 623 619 616 619 622 623 633 650 652 635 618 599 586 573 562 550
621 622 622 622 621 617 608 594 583 578 569 559 553 548 542 532 515 488 442 387 324 288 268 249 239 234 230 227 229 235 243 256 269 281 286 288 285 282 278 273 272 279 283 283 280 276 274 271 266 267 278 294 304 308 307 304 301 298 293 286 286 298 324 360 420 480 535 577 598 618 637 650 657 668 681 681 677 673 668 660 659 664 659 648 647 648 640 629 622 618 614 598 574 554
649 649 649 650 650 647 641 631 619 608 597 586 578 569 557 542 515 474 414 331 278 257 244 232 223 220 219 224 235 256 282 323 364 381 389 407 423 428 423 413 407 405 400 390 376 362 349 331 314 312 328 357 388 396 394 385 376 368 358 345 329 318 318 339 386 445 491 526 548 574 600 610 622 644 665 682 689 691 691 693 699 701 696 689 683 674 664 655 646 641 624 588 560 542
677 677 680 682 681 678 674 664 652 636 622 610 599 589 571 545 500 428 358 286 256 244 228 219 216 217 223 238 265 319 386 437 474 484 509 560 590 600 586 562 538 518 501 482 460 439 422 400 378 362 378 426 462 475 478 474 465 455 444 428 399 365 336 330 348 381 417 443 475 510 537 556 577 604 629 649 661 670 680 688 695 701 702 700 694 687 674 659 643 626 604 577 561 553
678 685 692 695 695 689 682 672 659 644 626 613 596 575 543 483 400 317 268 243 233 225 217 215 219 224 242 278 346 422 488 524 538 549 581 621 649 652 626 600 573 551 532 508 489 476 458 436 406 391 421 475 501 516 526 529 526 519 508 491 464 410 364 337 331 345 374 404 434 464 486 508 531 555 580 593 603 618 635 648 659 668 677 684 690 692 684 670 659 645 629 617 610 605
629 642 653 663 665 658 647 637 624 609 593 569 543 497 439 368 281 239 224 220 220 219 221 228 234 246 301 374 448 513 553 580 588 591 596 607 616 600 576 556 543 529 515 500 483 468 446 429 420 434 469 501 521 535 550 560 565 559 548 530 494 442 392 361 340 338 353 376 394 414 432 449 470 496 518 526 539 566 586 602 619 637 659 679 697 707 706 701 694 684 674 673 672 666
517 537 556 575 593 599 591 574 558 533 506 471 429 374 308 265 233 220 218 222 227 233 246 261 279 320 402 485 533 574 599 615 619 611 598 588 571 543 528 521 513 503 488 476 467 460 454 456 468 485 506 518 530 541 553 565 567 561 551 534 498 461 423 393 373 352 345 357 380 396 412 424 441 465 481 495 517 540 560 577 597 620 645 674 695 707 712 714 712 709 709 712 711 709
367 384 406 432 463 478 473 452 426 395 359 330 296 264 241 231 227 227 230 240 259 283 317 351 389 458 524 566 590 607 621 628 625 614 604 588 565 544 537 532 519 505 493 493 500 505 508 511 519 530 541 547 551 553 554 552 548 542 529 512 490 468 449 427 400 366 357 382 410 429 444 458 469 480 490 501 515 528 542 557 571 593 616 641 662 674 686 697 706 714 720 724 725 726
266 269 275 289 304 313 312 300 278 258 243 236 232 230 233 242 255 260 263 288 335 393 444 491 531 577 610 621 629 635 640 639 629 618 612 601 581 568 558 547 537 529 530 543 553 557 559 561 566 577 590 600 600 596 588 579 568 554 536 509 488 471 456 439 407 382 387 412 437 463 481 495 503 507 511 514 518 522 527 536 549 565 585 603 617 631 651 673 690 705 715 723 727 725
234 226 222 224 228 233 232 227 220 216 220 227 236 256 292 325 350 330 318 365 422 484 530 564 601 628 645 652 657 660 660 652 641 640 641 627 607 588 574 565 562 564 575 586 594 598 602 607 613 625 638 646 649 645 636 624 612 595 572 539 505 481 471 456 423 400 399 419 448 474 498 512 520 521 520 519 518 517 518 523 534 548 564 579 590 611 634 655 675 689 704 717 723 720
232 230 234 243 259 268 263 252 244 248 264 281 315 368 429 469 463 412 414 459 485 505 548 586 617 640 655 664 669 672 674 672 672 678 675 657 638 619 611 608 607 609 615 621 623 621 618 621 626 632 640 648 651 644 636 624 616 604 580 551 512 489 475 443 412 399 406 429 456 476 499 519 527 527 530 531 530 527 524 523 526 534 544 553 565 582 606 627 645 659 675 695 708 711
315 324 332 351 376 389 383 359 337 336 359 396 446 505 541 556 537 517 537 552 545 554 583 610 628 647 660 668 675 682 688 692 694 693 690 681 668 658 650 645 640 640 641 638 631 619 605 597 593 593 593 593 592 589 583 575 562 550 534 510 484 455 432 410 408 426 451 471 481 492 511 534 546 556 567 571 571 567 560 548 539 532 530 530 535 545 560 576 587 602 621 643 664 673
490 493 490 495 503 509 500 475 455 449 457 484 521 559 579 588 588 593 604 608 608 615 625 637 650 662 671 676 683 691 695 698 698 698 699 695 685 671 656 646 639 634 629 624 612 596 573 555 550 544 536 527 520 518 515 509 497 482 472 465 451 433 423 425 443 466 489 507 516 527 542 559 581 599 614 620 623 624 616 600 581 563 548 537 529 525 526 527 530 537 550 568 591 609
594 598 596 592 587 581 572 563 558 553 547 547 560 576 594 605 614 624 633 643 648 651 658 667 677 684 687 692 698 701 701 702 702 702 699 691 679 661 640 617 600 589 583 576 562 544 528 523 528 528 522 512 502 497 494 488 476 466 482 500 499 493 490 491 495 508 523 535 547 560 576 591 614 641 655 661 666 668 664 654 637 618 597 576 558 542 530 521 512 505 503 508 518 531
612 635 652 658 658 655 650 644 638 634 626 611 601 605 615 630 639 647 656 665 670 675 683 691 699 704 706 709 710 705 700 701 697 686 676 661 645 623 589 567 556 552 549 531 515 517 527 537 550 561 565 559 550 540 532 520 505 511 549 570 576 577 575 571 571 579 583 581 580 586 600 623 644 664 675 681 685 689 693 689 679 660 643 630 615 596 569 544 527 511 495 480 471 469
627 654 669 681 689 696 698 693 684 676 664 648 638 635 641 649 657 662 663 666 671 680 690 702 711 714 716 715 711 704 704 701 684 662 642 618 586 560 540 548 563 573 567 545 535 542 552 563 579 597 606 608 602 592 580 564 550 560 581 597 609 624 631 632 637 642 644 636 619 615 631 650 665 673 679 684 690 697 700 696 683 664 651 645 632 611 578 548 532 514 497 487 480 477
599 611 617 629 647 666 678 681 679 675 669 663 662 657 648 646 648 647 646 650 658 669 681 693 704 712 717 718 716 715 714 706 687 666 636 596 558 537 541 572 597 610 605 590 577 567 559 559 569 587 605 613 615 615 612 606 603 606 611 620 637 653 664 669 675 680 683 676 664 663 672 682 685 676 673 680 685 686 682 671 649 626 602 588 580 566 551 535 523 513 516 533 546 549
512 523 537 552 570 589 603 614 619 625 633 643 649 641 627 618 614 614 620 630 641 652 663 676 691 703 709 715 718 720 716 707 690 669 636 589 560 546 558 583 611 623 619 608 595 579 563 542 536 560 587 597 605 615 624 635 642 647 649 655 670 681 688 696 702 708 709 706 702 702 703 702 691 675 671 668 660 648 627 612 598 581 566 554 550 551 548 542 536 537 553 579 597 616
443 458 474 488 497 510 524 531 538 551 568 585 594 593 589 585 584 589 599 608 614 624 638 655 668 673 678 688 696 696 687 668 647 621 597 578 574 577 590 601 611 615 611 601 591 584 560 530 536 572 592 602 610 619 631 642 652 658 664 673 684 695 703 710 715 718 717 712 708 705 702 694 684 673 663 649 627 600 581 583 590 594 592 586 586 587 586 582 579 584 597 615 634 654
403 416 429 440 451 462 470 472 478 492 510 530 542 551 557 561 564 569 576 581 585 594 607 624 636 639 643 649 653 649 634 608 584 574 582 602 628 639 639 633 628 629 626 617 604 586 553 534 553 585 606 622 634 641 647 650 653 659 664 669 675 684 692 698 705 709 709 704 696 689 683 676 665 657 646 631 612 590 587 599 612 621 625 626 628 631 633 627 622 635 652 662 673 683
369 378 391 403 415 422 428 434 441 453 469 484 499 511 522 531 538 546 552 557 561 568 590 616 631 638 641 646 650 645 627 601 583 606 643 670 683 684 684 683 676 666 651 634 614 581 548 539 556 580 608 631 650 657 659 657 656 656 653 652 655 659 662 668 676 683 686 684 679 673 668 663 657 650 640 628 619 612 612 615 622 625 628 631 635 642 644 638 643 661 673 676 686 693
332 340 346 354 367 382 395 406 414 419 426 438 452 463 475 489 499 507 517 528 540 559 591 619 631 644 655 664 669 666 650 628 634 676 700 709 710 711 717 714 694 669 641 615 594 566 546 545 557 574 594 613 631 647 655 657 655 651 646 644 643 642 641 643 648 653 658 661 660 657 656 655 655 651 644 639 638 635 632 631 631 627 624 622 623 625 626 627 635 644 647 653 662 667
284 284 281 300 331 350 360 365 370 374 388 414 427 433 438 442 447 456 475 494 510 529 546 561 574 588 603 615 627 638 645 653 669 689 699 706 711 714 715 705 686 657 631 609 589 572 559 554 558 565 569 581 604 628 649 658 658 655 651 647 644 641 638 635 634 635 638 641 643 643 642 646 650 649 644 644 645 643 641 639 635 630 625 620 609 601 597 597 601 605 607 610 614 619
218 223 232 253 275 288 296 304 325 358 385 407 413 405 386 392 415 435 450 464 471 474 480 489 497 505 513 526 546 574 603 622 628 633 641 653 665 673 675 669 661 650 629 608 587 573 565 560 557 552 548 558 583 618 650 663 667 666 662 658 654 649 642 636 631 626 624 626 630 629 629 636 640 636 632 630 631 632 631 628 624 620 613 602 585 572 565 559 559 566 570 567 562 560
170 177 182 185 190 205 229 267 310 343 361 365 358 343 340 377 410 424 433 441 444 444 450 454 454 452 452 461 479 502 526 535 538 540 547 560 575 590 599 602 604 600 587 571 558 548 545 542 539 536 536 546 575 621 649 666 670 669 669 667 665 658 649 638 630 623 620 621 620 616 615 618 621 620 613 607 608 609 607 604 599 592 583 568 555 545 538 531 530 532 531 522 503 477
